+ 23976 2050528 2197777
- 5409
+ 52188 2445630 2833527
+ 89550 3211709 2888033
- 25574
+ 35064 2488812 3314094
+ 50034 3138792 2745923
- 5720
- 16025
? 2771437 3483542 717161
+ 88963 2251319 1967081
+ 24932 1573378 2756351
+ 3579 2213204 3141893
? 3411405 2199214 737251
- 44701
+ 34988 2361144 2501469
+ 41225 3089504 2075845
+ 76915 2627517 1752978
- 60933
+ 15029 2109656 3266880
? 2260057 4064960 456993
? 2811682 622276 341084
+ 37377 2974733 2162550
+ 41143 2666261 2645374
- 38362
+ 37095 2627710 2880123
+ 30069 2236329 3270389
- 5883
+ 17608 1547807 2331739
+ 8788 3360743 3770458
+ 54426 1936532 2806019
+ 21365 3541322 3269852
+ 68834 2116232 3068975
- 14488
+ 36948 2692373 1881268
- 90332
- 57518
- 99901
+ 27201 2192124 2759256
+ 4080 2885358 2918481
+ 12653 2954745 2135690
+ 2601 3376481 2593893
+ 24400 3121683 2354280
- 51175
? 3191039 2357976 737184
- 29626
+ 75690 1881395 3051882
+ 67589 2517183 3442641
+ 27344 1886218 2928609
+ 7475 2390413 3229803
+ 82964 2411593 2255335
+ 16424 2485320 1151297
+ 28008 2835510 2251080
+ 49321 3504368 2484633
+ 50687 2497557 1945386
+ 80616 1929526 2476155
+ 25682 3593296 1915422
+ 606 3035811 2682797
+ 19838 2824012 2212149
+ 94481 2764377 2924206
+ 51704 2037655 3149212
- 54577
? 3600472 3312183 250465
? 2506078 3891754 343366
+ 21446 2578341 2763407
+ 57097 2811461 2844996
+ 73878 2936148 2469482
+ 24088 2977096 3136865
+ 59607 2954914 2386452
+ 26025 3307811 1795582
+ 98397 2928279 2255294
+ 13592 3209111 1428703
- 84987
- 15191
? 3214036 4003865 765081
+ 76155 3082245 1757568
+ 13406 3331911 2146465
+ 62274 2427766 1850857
- 12599
+ 29649 2230277 2520703
+ 51852 2372607 2906795
+ 79544 2388879 2431810
- 4030
+ 89561 2022182 3219165
+ 51441 2360227 2213543
+ 99057 2928279 2255294
+ 23760 2780416 3573837
+ 27185 3199707 2846287
+ 9960 3070569 2450290
+ 68434 3238730 3101859
+ 98061 2928279 2255294
? 1630909 885567 826012
+ 62681 2142705 2935947
? 333675 1528446 426981
- 33608
+ 22128 2802500 1673537
+ 89826 2662812 1892038
+ 84945 2970119 2098107
+ 83694 2691661 2092487
- 63521
+ 72359 3152996 2304576
+ 36803 1933053 2544544
+ 33333 2645554 2233098
+ 45103 2920614 2977289
? 4482801 3368492 809620
? 532551 618469 518076
+ 54902 2689525 2130106
+ 34781 2021816 3291592
? 3830475 3469513 433941
? 3788377 3947298 509540
+ 25933 3147851 1914662
+ 52449 1679657 2707889
+ 46913 2290287 3411627
+ 79572 2939949 2577855
- 27350
- 92761
? 1790571 3276654 304606
+ 36955 2946517 3073000
? 2665323 1244062 431883
? 601877 2080261 296435
- 67530
+ 31414 2680537 1980863
? 266416 1578091 600499
+ 61257 2102333 1938709
+ 77855 2066703 2339457
+ 57870 2305858 1490087
+ 99143 2928279 2255294
+ 86350 2376364 1919794
+ 22928 2344346 3274803
+ 25807 3163875 2459082
? 4113077 3428434 787391
+ 76015 2605940 2502171
+ 7523 2351269 3030123
+ 46233 2915792 2538291
- 9428
+ 21586 2393759 2450854
- 96478
- 49135
+ 91218 1323669 2402485
+ 91915 3281003 2390207
+ 78648 2500439 3222337
+ 91884 2947799 2018629
- 70731
+ 18951 2760426 2695032
- 38142
- 4239
+ 90543 2282149 3004916
+ 7586 2608039 2504382
+ 99303 2928279 2255294
+ 25754 2312526 2211992
+ 6285 1465589 2278002
+ 14142 2254371 2529273
? 3024620 1663584 525603
- 48325
+ 82381 2286886 2377603
+ 27050 2605206 3566420
+ 36794 2072310 1943205
+ 52870 2734020 2216876
+ 85635 3242185 2070476
+ 14340 2105109 2466035
- 82349
- 34631
- 63813
+ 51914 2076115 2593968
- 12526
+ 78121 3088840 2787364
- 20941
+ 78168 3012596 2556627
+ 38549 3420849 3142378
+ 12454 2287761 2394486
? 3782336 4015052 793081
+ 10685 2728773 2350942
+ 98496 2928279 2255294
+ 40493 3273263 3229136
+ 40678 3089563 2713898
+ 22699 1598082 2594419
+ 58007 2219426 2775911
+ 39899 3151998 1785667
- 83610
+ 1709 2387157 3535230
+ 7482 3012068 1712277
+ 56518 2142239 2489665
- 5413
+ 41715 2456000 2209926
+ 54954 2522545 2366908
+ 82331 1874103 2245098
+ 19304 2385336 2371089
+ 31446 2426483 2566070
+ 98822 2928279 2255294
+ 43889 2487155 2910779
+ 78217 2392825 1532271
+ 8219 2376139 2227212
+ 70705 1742156 2126625
? 3252475 368271 361524
? 1782087 2010219 520557
+ 29771 2642853 1581902
+ 47024 2808520 2883987
+ 9176 2341045 2004082
+ 52958 1815081 2993725
+ 3216 2737518 2389740
+ 32528 2071268 3032610
- 26456
+ 67058 1346103 2626981
+ 23621 2348597 2333071
+ 62285 2127991 2006886
+ 81838 2152330 2012437
? 1819269 515253 269111
+ 42464 2762676 3281898
+ 18920 2645837 2338151
+ 69473 2580275 2136890
+ 4387 3396201 1675973
+ 79535 2633403 1348697
+ 80269 2137108 1851529
? 1504093 2849743 764226
? 4204437 4372519 405599
? 663940 2133179 518536
+ 9826 2480759 3235488
+ 48990 2455134 2332657
+ 95190 2001338 3527017
+ 9715 2958922 1273812
+ 31430 2197703 2785817
+ 60391 2407546 2322746
+ 92974 2775315 2475911
? 1527300 1630798 484481
? 2541415 3947073 551791
? 3691203 2614748 516686
+ 13923 3016778 2630242
+ 98451 2928279 2255294
+ 36350 2771523 2445893
+ 57791 3354556 3680593
? 905016 3995217 325799
+ 37483 2658479 2227982
- 22360
+ 21724 2884186 2991132
+ 54986 3368341 1591709
- 17693
+ 35574 2212695 3226055
- 70952
+ 38464 2282261 2367746
+ 31064 2811447 2003936
? 3899179 1747640 567146
- 26522
+ 33814 3083551 2205844
+ 91149 3188730 3159159
+ 43846 2478772 1875658
+ 83426 3003053 1628963
- 96204
+ 47896 2836426 2229493
+ 18662 2826982 3447985
+ 46854 3055739 2039965
+ 27587 2448839 2262777
+ 40344 2819666 2112922
+ 27685 2267017 2884677
+ 24577 3689529 2005381
+ 21004 2027735 3068149
+ 36921 3112322 2031991
- 70353
+ 91391 3330016 2647762
+ 61009 3513174 2135684
+ 11971 2245151 2405265
+ 65827 2389996 2881561
+ 94776 2135031 2599868
- 86565
- 17169
- 43714
+ 48842 3025191 1627514
+ 32418 2911554 2206031
+ 60105 2297839 1837889
- 98534
+ 32890 2363603 2564101
- 57214
+ 69207 2224934 3420336
- 88486
? 1622787 1804690 704094
- 11755
+ 15342 2594520 1562410
- 52163
+ 40914 2585951 2259245
+ 82122 1932220 2426279
+ 31454 2378312 2564686
+ 89416 1757569 2310693
- 73419
+ 31728 3388430 2083299
+ 47439 2106407 2575747
+ 81045 1785114 2284341
- 58448
+ 1360 1725286 2447735
+ 49125 1971030 3176832
+ 95022 3259259 3239875
- 20121
+ 30292 2939710 2478988
+ 17363 3296037 3343106
+ 50929 2718876 3921146
+ 54899 2379222 2472634
? 2730184 3821414 730096
+ 19195 2122637 2577556
+ 80209 2355046 3649304
? 331576 4319527 770299
- 65351
+ 56075 2044915 3301977
+ 78861 2034817 1848801
+ 24296 1664986 3784014
+ 37407 2446751 1785096
? 1131250 2969537 658609
+ 40069 2066503 2440201
+ 6086 2840249 1584995
+ 21803 2627102 2246160
- 3234
+ 78185 2653438 3717987
+ 28331 3029211 2676762
+ 51200 3108061 3146906
- 99780
+ 317 2997213 2535940
- 93534
- 66297
+ 75852 2106542 2517064
+ 39034 3260301 1914484
- 84341
? 1203165 2117396 568952
+ 40948 2428413 2530718
? 1435529 2062399 467575
+ 42830 2337342 1810412
+ 58957 1671420 2013903
+ 46372 2671357 1936239
+ 63492 2783167 1888128
+ 38995 2537696 3667911
+ 49051 2041716 1680557
+ 61018 2786729 1878466
+ 86345 2543553 2540779
+ 34130 3111484 2143857
- 84213
- 26680
? 1234386 4039189 355555
? 4342551 680786 549796
? 2974325 3156522 278599
+ 93674 1851095 2417172
- 77362
? 4381520 1334945 568664
? 626060 560307 442359
+ 36313 2730770 2951888
+ 70899 2524811 2627186
+ 9243 3034371 2131219
+ 77599 2190828 2016506
+ 63509 2606765 2447878
+ 56649 1888268 2617583
+ 72630 2567965 2280135
+ 91564 1725306 2563761
- 9178
+ 46687 3251307 2876226
+ 78321 2032065 2580972
+ 40569 2570138 2719933
+ 11659 2091750 2914970
+ 96978 2424489 2766439
+ 43741 1745280 1715473
+ 4573 2543110 2433652
+ 4498 3535474 2041369
+ 92116 2287764 1586147
+ 70772 2601438 2319516
? 4186299 1600313 780912
+ 13304 2165644 2648547
+ 7213 2406680 2360826
? 1398029 4330783 432368
+ 92336 2198683 2322157
+ 23058 2778370 3015839
- 75786
+ 573 3330618 3141024
- 51632
+ 57752 3635626 2718265
+ 62161 2260970 2561001
+ 14240 2156185 2245741
+ 61399 2027949 2471056
+ 83107 3154279 3075634
+ 64609 3933067 2231199
+ 96641 2876435 1878275
+ 97748 2045634 3065511
? 3270967 2504168 782228