1815014 2355380
1270926 2355325
1722663 2354961
1824756 2354906
1557718 2354580
1680067 2354562
1590013 2354483
1178870 2354360
1691857 2354300
1606883 2353997
1838232 2353717
1504347 2353628
1838323 2353616
1442384 2353439
1835593 2353319
1845065 2353247
1758181 2353224
1691747 2352884
1710235 2352632
1802951 2352629
1644517 2352572
1315554 2352370
1828939 2352201
1650502 2351741
1602299 2351678
1676194 2351644
1651646 2351635
1664083 2351591
1470137 2351177
1824672 2351152
1458430 2351099
1825814 2351043
1846484 2350957
1545579 2350884
1809559 2350717
1767253 2350532
1537753 2350472
1503886 2350341
1832824 2350215
1751527 2349870
1094422 2349707
1258453 2349653
1603528 2349605
1632748 2349443
1336429 2349372
1731929 2349358
1823197 2349355
1840957 2348944
1270342 2348940
1532436 2348720
1713594 2348611
1734644 2348423
1690052 2348419
1795671 2348374
1780934 2348229
1761127 2348122
1682677 2347502
1770868 2347446
1586760 2347218
1646526 2347196
1638005 2347019
1722862 2346862
1765980 2346786
1648994 2346580
1688397 2345743
1751341 2345603
1674131 2345550
1796001 2345377
1845855 2345376
1467002 2345354
1531001 2345325
1726563 2345279
1745869 2345274
1699944 2345049
1738020 2344358
1674986 2344215
1671574 2343953
1807647 2343646
1388857 2343362
1809687 2343131
1309071 2343107
1102751 2342964
1625948 2342698
1639185 2342504
1755943 2342455
1834358 2342439
1633743 2342280
1811859 2342208
1733708 2342065
1681283 2342011
1558157 2341860
1723323 2341621
1797376 2341032
1773150 2340956
1402527 2340755
1534733 2340472
1408770 2340363
1597759 2340010
1834943 2339824
1658852 2339782
1611326 2339778
1716543 2339772
1812521 2339692
1804369 2339581
1757574 2339543
1111234 2339363
1294607 2339362
1608722 2339328
1409636 2339015
1800715 2338975
1686429 2338597
1630055 2338596
1605119 2338340
1740392 2338177
1681871 2337933
1777182 2337455
1122395 2337414
1336531 2337287
1236133 2337118
1766451 2336871
1655879 2336480
1293097 2336120
1837812 2336036
1830229 2336023
1835536 2335818
1800550 2335487
1782706 2335410
1806825 2335392
1455239 2335361
1800580 2335326
1822640 2335192
1543307 2335075
1637595 2335059
1833915 2334490
1746501 2334451
1753563 2334342
1587465 2333976
1801133 2333934
1812830 2333865
1517497 2333338
1434712 2333284
1766247 2333132
1836083 2333058
1600784 2332917
1763559 2332778
1374483 2332436
1779367 2332193
1625513 2332132
1823554 2332123
1547807 2331739
1789439 2331589
1336320 2331573
1410765 2331129
1364066 2330871
1270680 2330533
1812953 2330504
1721567 2330467
1502525 2330449
1733792 2330431
1770726 2330335
1740904 2329785
1722953 2329564
1801899 2329498
1539818 2329411
1608378 2329262
1496535 2329170
1835984 2329105
1768220 2328991
1828840 2328960
1677537 2328902
1755225 2328563
1677553 2328509
1462015 2328207
1713304 2328017
1252229 2327940
1676774 2327898
1627034 2327846
1370192 2327395
1827660 2327121
1654849 2327112
1737409 2326847
1680064 2326762
1699799 2326745
1595713 2326635
1770983 2326472
1467032 2326407
1795475 2326291
1254741 2325985
1784654 2325922
1702149 2325797
1571569 2325757
1824009 2325648
1759784 2325626
1653158 2325340
1396534 2325029
1545309 2325010
1103868 2324908
1713821 2324850
1417397 2324821
1504341 2324663
1791054 2324545
1801521 2324387
1728033 2324208
1652298 2324141
1544416 2324110
1723603 2324092
1107012 2324071
1646570 2323832
1281350 2323635
1291113 2323424
1777174 2323323
1365946 2323322
1229893 2323275
1788124 2323254
1232039 2323175
1373864 2323164
1764230 2323070
1513752 2322993
1469705 2322800
1676502 2322247
1613950 2322238
1511387 2322133
1799214 2322095
1794945 2322016
1510223 2321958
1789941 2321834
1821685 2321772
1360495 2321756
1570259 2321627
1690001 2321622
1798549 2321573
1793939 2321329
1254356 2320975
1160273 2320889
1788335 2320883
1675456 2320782
1450072 2320755
1588415 2320691
1657082 2320687
1685303 2320620
1837232 2320476
1677547 2320224
1753243 2320210
1551608 2320205
1770262 2320066
1549448 2320066
1345593 2319259
1502515 2319200
1545578 2319152
1639285 2318333
1826528 2318153
1721763 2318123
1606265 2318018
1774046 2317947
1506528 2317931
1324256 2317666
1749354 2317515
1811278 2317485
1540217 2317006
1795220 2316902
1348956 2316742
1740088 2316563
1825796 2316534
1838613 2316512
1510245 2316220
1517443 2316099
1828028 2315811
1662714 2315762
1762528 2315522
1589837 2315357
1734950 2315281
1678242 2315069
1577265 2315046
1750835 2314817
1278154 2314573
1818186 2314170
1432431 2314122
1338571 2314114
1538858 2314111
1808507 2314060
1621632 2314003
1817368 2313684
1731336 2313572
1834937 2313457
1769306 2313234
1676460 2313141
1676885 2313076
1704883 2312660
1731531 2312432
1645178 2311960
1581614 2311806
1837070 2311794
1534568 2311645
1550554 2311643
1807517 2311219
1673459 2311193
1614203 2311015
1837408 2311000
1826199 2310768
1830056 2310707
1757569 2310693
1619024 2310245
1469520 2309840
1357814 2309423
1790719 2309164
1305195 2309150
1822392 2308827
1609915 2308677
1703594 2308427
1697643 2308403
1748600 2308370
1643419 2308197
1697670 2308056
1608281 2307852
1791433 2307726
1535404 2307682
1513618 2307663
1253547 2307657
1650968 2307468
1304812 2307410
1768491 2307383
1816615 2307264
1717558 2307093
1805913 2307009
1668271 2306613
1281538 2306555
1338080 2306419
1685262 2306256
1601910 2306100
1553461 2305877
1749391 2305872
1516215 2305757
1721762 2304886
1836895 2304864
1623944 2304831
1683066 2304709
1596734 2304573
1613245 2304550
1813254 2304436
1774625 2304258
1445909 2304111
1714813 2304009
1819481 2303730
1539198 2303710
1664900 2303581
1832725 2303421
1405732 2303205
1743096 2302914
1534476 2302799
1358191 2302712
1772432 2302684
1518138 2302669
1752253 2302667
1628009 2302612
1203215 2302588
1681007 2302224
1703745 2302218
1763378 2301517
1775455 2301378
1771976 2301079
1559095 2300731
1749877 2300685
1503774 2300521
1493468 2300456
1722921 2300321
1435467 2300321
1821274 2300215
1502257 2300212
1355722 2300097
1805932 2300079
1787751 2299886
1404565 2299784
1696875 2299590
1715157 2299164
1536335 2299148
1789071 2298965
1613031 2298921
1728664 2298895
1575236 2298816
1759123 2298790
1650526 2298652
1805245 2298585
1498699 2298568
1426236 2298544
1194440 2298508
1793887 2298351
1684262 2297979
1671408 2297819
1643093 2297703
1757577 2297549
1276836 2297361
1407583 2297339
1622621 2297330
1621815 2297296
1675171 2297204
1830493 2297020
1829825 2296906
1788767 2296604
1483328 2296488
1328652 2296443
1800824 2296366
1721246 2296323
1813628 2296153
1652461 2296070
1404433 2296035
1821781 2295867
1287994 2295551
1691049 2295467
1242094 2295367
1664867 2295266
1339684 2295167
1649263 2295112
1833076 2295092
1729595 2294947
1087587 2294763
1644945 2294710
1750309 2294496
1487243 2294359
1709576 2294342
1561979 2294069
1679688 2293779
1672815 2293303
1484103 2293293
1685376 2293102
1617573 2292390
1803788 2292193
1692130 2291999
1809191 2291846
1646748 2291749
1644511 2291744
1485985 2291610
1764566 2291567
1559628 2291479
1806431 2291390
1097399 2291045
1714184 2290979
1684395 2290888
1789328 2290848
1760832 2290647
1655486 2290446
1641251 2290017
1662692 2289925
1759123 2289623
1812334 2289560
1730752 2289457
1550590 2289287
1688974 2289056
1795727 2289031
1644007 2288902
1704815 2288809
1394510 2288265
1681998 2288164
1284777 2287775
1608336 2287529
1777336 2287289
1590943 2287254
1828500 2286963
1696587 2286959
1823442 2286697
1631440 2286411
1537814 2285455
1675401 2285379
1691274 2285203
1642904 2284773
1354244 2284753
1654004 2284752
1562436 2284732
1726760 2284686
1751043 2284679
1733457 2284655
1674439 2284393
1599911 2284366
1785114 2284341
1494371 2284290
1641105 2284210
1820055 2283911
1384233 2283863
1479000 2283718
1363473 2283605
1811501 2283469
1558089 2283463
1745047 2283416
1754170 2283311
1747589 2283186
1430190 2283069
1343534 2282964
1686903 2282901
1409815 2282873
1503357 2282832
1625013 2282821
1699394 2282725
1822386 2282505
1688652 2282216
1525929 2282145
1797326 2281828
1795316 2281728
1472882 2281623
1614717 2281403
1603305 2281289
1805359 2281009
1755243 2280896
1602019 2280845
1825206 2280801
1535589 2280757
1606047 2280269
1826403 2280078
1565213 2280035
1796393 2280018
1393098 2279786
1795848 2279422
1606131 2279340
1781241 2279254
1370099 2279051
1729564 2279002
1621150 2278991
1660434 2278943
1364002 2278888
1686905 2278512
1609626 2278359
1502877 2278189
1579479 2278007
1465589 2278002
1731630 2277980
1765093 2277536
1805196 2277301
1171682 2277222
1280657 2277019
1100821 2276963
1729338 2276566
1684902 2276425
1528695 2276424
1526544 2276173
1662189 2276084
1273995 2275720
1372166 2275709
1437934 2275598
1305568 2275142
1558057 2275082
1173846 2274726
1514365 2274687
1752916 2274563
1673309 2274517
1738258 2274379
1745135 2274240
1640389 2274223
1706707 2274059
1671002 2273831
1684810 2273644
1821251 2273305
1613940 2273010
1451480 2272918
1704822 2272636
1699227 2272615
1739372 2272528
1756012 2271827
1354184 2271657
1769731 2271127
1573917 2270905
1735349 2270865
1504143 2270861
1427518 2270531
1663688 2270512
1744370 2270270
1659523 2270077
1688545 2269998
1081851 2269544
1445510 2269374
1823740 2268978
1771880 2268774
1589672 2268661
1607707 2268370
1595669 2268370
1666442 2268330
1801398 2268199
1792688 2267952
1820252 2267846
1822030 2267835
1710260 2267686
1785803 2267398
1585012 2267370
1746858 2266761
1783047 2266489
1788171 2266395
1699269 2266026
1598454 2265893
1157864 2265707
1464394 2265567
1777952 2265497
1679234 2265417
1779617 2265296
1794678 2265278
1583269 2265261
1800769 2265251
1564793 2265130
1661134 2264733
1817090 2264716
1328439 2264383
1381382 2264306
1759553 2263568
1352008 2263556
1470044 2263377
1694923 2263375
1651013 2263261
1751231 2263172
1218285 2262910
1635889 2262505
1616415 2262492
1733951 2262283
1785558 2261798
1651378 2261692
1734874 2261546
1553829 2261444
1623830 2261434
1785408 2261281
1714810 2259920
1595156 2259851
1460906 2259432
1403226 2259317
1717126 2258737
1811289 2258674
1707175 2258561
1715744 2258242
1251880 2258199
1616196 2258023
1798299 2257900
1403116 2257630
1640706 2257426
1206363 2257424
1763593 2257308
1717187 2257063
1736919 2256935
1701758 2256868
1630186 2256534
1494615 2256475
1822019 2256435
1672252 2256094
1726776 2256052
1547818 2255869
1655066 2255842
1456868 2255729
1808329 2255712
1769344 2255623
1590011 2254868
1406544 2254616
1638444 2254039
1639547 2253948
1700113 2253753
1486034 2253413
1739126 2253244
1636033 2253191
1636734 2253106
1801797 2252674
1663488 2252515
1366068 2252388
1557155 2252381
1713116 2252362
1641017 2252285
1706547 2252272
1593337 2252113
1745038 2252043
1666798 2251438
1169353 2251378
1203102 2251206
1798855 2250974
1774564 2250788
1796845 2250649
1419885 2250501
1761870 2250217
1633791 2250165
1515611 2249876
1521695 2249779
1406252 2249739
1512212 2249581
1414977 2248831
1528194 2248703
1516943 2248536
1699307 2248122
1674263 2248055
1608770 2247998
1640104 2247979
1717757 2247740
1644583 2247568
1699546 2247393
1719976 2246763
1786503 2246601
1812570 2246559
1232006 2246253
1814599 2246080
1785351 2245875
1772078 2245799
1567372 2245422
1446422 2245414
1402419 2245378
1710179 2245219
1603412 2245064
1100882 2244814
1332272 2244724
1747781 2244624
1701944 2244589
1658128 2244346
1661902 2244224
1663263 2244082
1484781 2243589
1313269 2243532
1592904 2243329
1573599 2243276
1547340 2243184
1458354 2243121
1791264 2243020
1432915 2242905
1560493 2242842
1345143 2242590
1657052 2242483
1417496 2242412
1659952 2242151
1496059 2241845
1293289 2241713
1612927 2241711
1805267 2241353
1600845 2241150
1510724 2240934
1814989 2240685
1640310 2240494
1330693 2240455
1288144 2240339
1280887 2240247
1157374 2240025
1648160 2239545
1628263 2239536
1675144 2239523
1727582 2239475
1768917 2239425
1588820 2239360
1588318 2239290
1419633 2239273
1392693 2238826
1572772 2238566
1697160 2238014
1785545 2237813
1567363 2237742
1596193 2237652
1796486 2237342
1523536 2237327
1722841 2236446
1547579 2236006
1289651 2235946
1251680 2235864
1677414 2235572
1287673 2235497
1742731 2235380
1772635 2235207
1600351 2235134
1791179 2235131
1772411 2234797
1629503 2234724
1732993 2234561
1769524 2234278
1588927 2233920
1605826 2233883
1453525 2233465
1568082 2233422
1257428 2233189
1803123 2233057
1666005 2232763
1713555 2232669
1133001 2232648
1539837 2232511
1791913 2232508
1311182 2232245
1802662 2232081
1804549 2231825
1404484 2231724
1282047 2231570
1723370 2231493
1618888 2231329
1469598 2231174
1582565 2230834
1760552 2230661
1598947 2230527
1435792 2230515
1349378 2230435
1742529 2230278
1790346 2230009
1773141 2229662
1388030 2229530
1709865 2229232
1596289 2228961
1529494 2228873
1675635 2228610
1445552 2228606
1521242 2228475
1636279 2228387
1791040 2227752
1408123 2227733
1755000 2227715
1368424 2227341
1795163 2226642
1439155 2226602
1655333 2226314
1603183 2225985
1650012 2225820
1800546 2225714
1596150 2225480
1768404 2225410
1755440 2225405
1597695 2225374
1787509 2225335
1460874 2224962
1596809 2224652
1393906 2224406
1202680 2224147
1229630 2223920
1469228 2223850
1437852 2223737
1543817 2223724
1794101 2223526
1743925 2223372
1775355 2223183
1409209 2222907
1792399 2222883
1793368 2222818
1723139 2222773
1579392 2222493
1774250 2222165
1542641 2221886
1779714 2221781
1739407 2221419
1259706 2221378
1531514 2221343
1746421 2221218
1726857 2221100
1466445 2221031
1719377 2221013
1353251 2220746
1673762 2220711
1319875 2220575
1680972 2220562
1762998 2220476
1463038 2219803
1759821 2219475
1788210 2219088
1795949 2219052
1117471 2218827
1644812 2218679
1122690 2218666
1792402 2218596
1773434 2218472
1674257 2218362
1750090 2218030
1701143 2217948
1723767 2217944
1517870 2217920
1745905 2217890
1634454 2217730
1688445 2217554
1457455 2217349
1791285 2217145
1696685 2216904
1646511 2216437
1443648 2216397
1450432 2216038
1604404 2215565
1801820 2215559
1528465 2215478
1628017 2215463
1578331 2215258
1683147 2215113
1724446 2215086
1276177 2214834
1577665 2214699
1529658 2214567
1573162 2214081
1272034 2213818
1520829 2213661
1357098 2213502
1767251 2213389
1666362 2213190
1752724 2213014
1444887 2212771
1718925 2212538
1637638 2212447
1629508 2212415
1407570 2211835
1790464 2211822
1542860 2211820
1565554 2211583
1715126 2211526
1764866 2211472
1494369 2211392
1756632 2211298
1421735 2211206
1403148 2211164
1356985 2210887
1596936 2210486
1518494 2209502
1441005 2209444
1436161 2209080
1561123 2208652
1602112 2208198
1739981 2207886
1538535 2207876
1749992 2207197
1715065 2207070
1755315 2206875
1622669 2206755
1757165 2206698
1445531 2206598
1712500 2206536
1620072 2206473
1470031 2205964
1729765 2205722
1407378 2205654
1477258 2205592
1480603 2205582
1384745 2205502
1725964 2205438
1753028 2205417
1670342 2204816
1610702 2204641
1414975 2204447
1502345 2204143
1669256 2204081
1761807 2203938
1632518 2203894
1159126 2203564
1385403 2203469
1379309 2203348
1509556 2203192
1535478 2203006
1723082 2202868
1461784 2202641
1686295 2202542
1355871 2201976
1560599 2201970
1400907 2201716
1602267 2201590
1753201 2201224
1478820 2200996
1170067 2200989
1612337 2200905
1136317 2200705
1514259 2199768
1774861 2199505
1613071 2198942
1571943 2198709
1447630 2198232
1455580 2198155
1720207 2198033
1214811 2197746
1695986 2197668
1671914 2197354
1124351 2197236
1787737 2197206
1484496 2197086
1386453 2196958
1736562 2196933
1500015 2196710
1745005 2196474
1520599 2195738
1628658 2195632
1710351 2194878
1781700 2194288
1260598 2193824
1702090 2193681
1778521 2193143
1604588 2192669
1705265 2192564
1282099 2192536
1704243 2192183
1725963 2191964
1766923 2191367
1311043 2191094
1785745 2190931
1705679 2190693
1595445 2190468
1562059 2190443
1610831 2190279
1694827 2190084
1342245 2189887
1725493 2189685
1778134 2189277
1695064 2189180
1309516 2189035
1286494 2188712
1651705 2188640
1659381 2188600
1656903 2188468
1697007 2188449
1755295 2188433
1750309 2188153
1747980 2187994
1775584 2187467
1641289 2187424
1540792 2187285
1502485 2186951
1536217 2186553
1699152 2186207
1743422 2186118
1731629 2185753
1615976 2184716
1525091 2184594
1776912 2184589
1746177 2184070
1767664 2184023
1602825 2184018
1729768 2183900
1698761 2183767
1641255 2183669
1763050 2183340
1540496 2183309
1432551 2183040
1773437 2182819
1193423 2182610
1286027 2181945
1328648 2181649
1640509 2181144
1450529 2180917
1671642 2180489
1485360 2179993
1411579 2179984
1467442 2179749
1619330 2179665
1740771 2179175
1594140 2177757
1573637 2177714
1486878 2177703
1706752 2177409
1713332 2177168
1681338 2176738
1698561 2176694
1746559 2176519
1745664 2176481
1763180 2176413
1767219 2176275
1359302 2175693
1648305 2175643
1672979 2175570
1691254 2175528
1603185 2174976
1434676 2174935
1389426 2174920
1559847 2174222
1414622 2172959
1277060 2172628
1668502 2172359
1764323 2171866
1722655 2171689
1412887 2171657
1529551 2171465
1635714 2170979
1741076 2170750
1415648 2170460
1676242 2170146
1437268 2169637
1378583 2169533
1743644 2169012
1704181 2168549
1646537 2167776
1499148 2167552
1541651 2167395
1593466 2167367
1735376 2167093
1727298 2166814
1730136 2166474
1587344 2166326
1740251 2165888
1269759 2165714
1602394 2165243
1734108 2165231
1714059 2165208
1540453 2165002
1544650 2164675
1413366 2164316
1631639 2164146
1704808 2163213
1618395 2163032
1601741 2162337
1304973 2162312
1552060 2162227
1485025 2162183
1554296 2161636
1729519 2161482
1473342 2161029
1749502 2160812
1667900 2160632
1190636 2160455
1692707 2160308
1687189 2159918
1714501 2159289
1573473 2158978
1438629 2158918
1218599 2158810
1712956 2158793
1714072 2158490
1296220 2158465
1584848 2158167
1677929 2157933
1388323 2157765
1558848 2157593
1533519 2157541
1523525 2157514
1610147 2157294
1739698 2156695
1350391 2156679
1652503 2156501
1715060 2156466
1603623 2156233
1760487 2156213
1597161 2156123
1566849 2155909
1687740 2155895
1715784 2155685
1401392 2155650
1525526 2155521
1635411 2154795
1470528 2154744
1252161 2154678
1668880 2154147
1697251 2153798
1505309 2153502
1616263 2153109
1568246 2153066
1579813 2152980
1353924 2152756
1707307 2152449
1553530 2151984
1387464 2151666
1436505 2151433
1402244 2151307
1753265 2151138
1704974 2150971
1694557 2150605
1657993 2150329
1403047 2149969
1625046 2149953
1697641 2149445
1410160 2149419
1515335 2149100
1671114 2148878
1729055 2148303
1708786 2148221
1694972 2147938
1737482 2147499
1520537 2146958
1495996 2146312
1255043 2146005
1615129 2145966
1163901 2145867
1182862 2145853
1735111 2145733
1503556 2145411
1356211 2145304
1493685 2145166
1628005 2144355
1550438 2144256
1481807 2144192
1673500 2144161
1313179 2143742
1676914 2143717
1623581 2143345
1749066 2143280
1518157 2143236
1721263 2142399
1471708 2141225
1630904 2141072
1744540 2139698
1240006 2139536
1697093 2138412
1391497 2137824
1639559 2137804
1689706 2137502
1448182 2137210
1635288 2137133
1733841 2136663
1712945 2136648
1687720 2136317
1675186 2136083
1366056 2136031
1460764 2135866
1568750 2135836
1661902 2135778
1449691 2135774
1718825 2135511
1214095 2135284
1731755 2135247
1733978 2134197
1535669 2133845
1731058 2133727
1620483 2133631
1569216 2133200
1302888 2133114
1436415 2133030
1313673 2132779
1507226 2132663
1434118 2132569
1719667 2131364
1454726 2131331
1531206 2131295
1560285 2130710
1653197 2130702
1247188 2130294
1331714 2130241
1262425 2130192
1256635 2130174
1589707 2129825
1559472 2129824
1541475 2129819
1514124 2129635
1700951 2129294
1670170 2128912
1505937 2128678
1605590 2128445
1689696 2127984
1270425 2127456
1375253 2127257
1714521 2126668
1585389 2126496
1529392 2126453
1447451 2126246
1702040 2125683
1482648 2125371
1674274 2125165
1617173 2124934
1716164 2124798
1723820 2124606
1652571 2124378
1626731 2122861
1429504 2122572
1456650 2121888
1712488 2121360
1355822 2121004
1313213 2120843
1541265 2120775
1402275 2120611
1585144 2120606
1620517 2120499
1708150 2120335
1726429 2119860
1720338 2118714
1629997 2118678
1686510 2118638
1520437 2118626
1674679 2118580
1720607 2117863
1425761 2117614
1425868 2117588
1503401 2117307
1682510 2117055
1453235 2117008
1627217 2116165
1488645 2115712
1720614 2115567
1635343 2115375
1458123 2115226
1678310 2114828
1515602 2114404
1248432 2114356
1642676 2114200
1569267 2113642
1215702 2113388
1684381 2113299
1311200 2113185
1627678 2112935
1587440 2112693
1569236 2112566
1502268 2112469
1688289 2111804
1518184 2111740
1231953 2111661
1553356 2111534
1440649 2110848
1608053 2110727
1681464 2110682
1598888 2110653
1635441 2110083
1504761 2109970
1701999 2109449
1197548 2109395
1681520 2108714
1645488 2107865
1592906 2107551
1709895 2107511
1623618 2107434
1306149 2106576
1621671 2106562
1538874 2106536
1494746 2106462
1630758 2106013
1517021 2105251
1601118 2104850
1385928 2104604
1521479 2102930
1655214 2102886
1572554 2102307
1496316 2102027
1484642 2101837
1639458 2101728
1695286 2101508
1481389 2101228
1537530 2101195
1589936 2100949
1585293 2100054
1622302 2099971
1454283 2099942
1629980 2099847
1673153 2099821
1545141 2099771
1568652 2099479
1458011 2099452
1617338 2098950
1694163 2098640
1555277 2098535
1681736 2098466
1597978 2098275
1659298 2098039
1331230 2097929
1558347 2097468
1674110 2096824
1670529 2096748
1543498 2094855
1619837 2094025
1303786 2090021
1424248 2089729
1670411 2088660
1635399 2087540
1293496 2087391
1236599 2086583
1636063 2086491
1623730 2086455
1313967 2085406
1566314 2084912
1377783 2084775
1545943 2084320
1477347 2083948
1384774 2083318
1627573 2082768
1643559 2082745
1670215 2082404
1413030 2081874
1405639 2079868
1459721 2079853
1635962 2078916
1609051 2078678
1422294 2078337
1295065 2077635
1287213 2077197
1560963 2076268
1337992 2075789
1641420 2075451
1661880 2074741
1562486 2073965
1620151 2073608
1337673 2073567
1635906 2073483
1388361 2073339
1572672 2073316
1581888 2072870
1384406 2072408
1447227 2072013
1641167 2070858
1614436 2070359
1310131 2070164
1496451 2070023
1603306 2069922
1653247 2069724
1311051 2069333
1493325 2068526
1636668 2067288
1556242 2066501
1586717 2065809
1467603 2065250
1651244 2064894
1566404 2064483
1455914 2063943
1558267 2063653
1589439 2063469
1527379 2063091
1508742 2062539
1531699 2062347
1580675 2062120
1512756 2061662
1641974 2061277
1573394 2061092
1444881 2060458
1418717 2060407
1384680 2058747
1634857 2058475
1472076 2058369
1624293 2058187
1564258 2057898
1595282 2057896
1569468 2056882
1491371 2056609
1576460 2054538
1358677 2054068
1535959 2054016
1401814 2053915
1355969 2053393
1616799 2053217
1609018 2052916
1584345 2052861
1615583 2052301
1425339 2051059
1481880 2050531
1482544 2050485
1523178 2049153
1575272 2048295
1602672 2047796
1368662 2047671
1503106 2046132
1571777 2045951
1607236 2045313
1499703 2045241
1598270 2044715
1464931 2044281
1548304 2042844
1315655 2042587
1535627 2040757
1547681 2039255
1351387 2039252
1585452 2038782
1487627 2037847
1571157 2037703
1557466 2037577
1532517 2037263
1413947 2037082
1534432 2036812
1426582 2036694
1490355 2036637
1478675 2036275
1514211 2036160
1556258 2033993
1520265 2033913
1424739 2033907
1409347 2033881
1504044 2033086
1560502 2028779
1533827 2028193
1533292 2028037
1481364 2027534
1381054 2024781
1402048 2023109
1432657 2021611
1437114 2020945
1496017 2020583
1469142 2019772
1515364 2019303
1511361 2019068
1482307 2018410
1488504 2013568
1679657 2707889
1666621 2707870
1623493 2707643
1686385 2706427
1680913 2706325
1311757 2706310
1480497 2706147
1583005 2705788
1632385 2705210
1582860 2705149
1664480 2705142
1475331 2704833
1474344 2704563
1659247 2704254
1585568 2704232
1687961 2704111
1676204 2704068
1637191 2703795
1585318 2703279
1495996 2703258
1196282 2703181
1234638 2703141
1602516 2702745
1606545 2702649
1590438 2702630
1479337 2702611
1622674 2702537
1423055 2702372
1289793 2701898
1345362 2701592
1656474 2700981
1599553 2700578
1674638 2700405
1332887 2700183
1346877 2699981
1694686 2699683
1701109 2699596
1421382 2699432
1472301 2699153
1670483 2699111
1729541 2698856
1451872 2698758
1691908 2697733
1484741 2697512
1411622 2697238
1716909 2696601
1694863 2696575
1530252 2695912
1625183 2695750
1549975 2695490
1725650 2695176
1610846 2694619
1287426 2694463
1598088 2694459
1731340 2694309
1668349 2694162
1508705 2693709
1630359 2693609
1612457 2693313
1430066 2692956
1577349 2692734
1556413 2692469
1647224 2692458
1675493 2692002
1615322 2691836
1663836 2691471
1696725 2691339
1637538 2691143
1616094 2691069
1601405 2691004
1410065 2690633
1730893 2690619
1543411 2690467
1619062 2690008
1177581 2689850
1319697 2689774
1647906 2689400
1678008 2689301
1641621 2688490
1723950 2688489
1693209 2688433
1272936 2688252
1399890 2688068
1673582 2687886
1676444 2687598
1500250 2687379
1406220 2687209
1581573 2687072
1735332 2686919
1610088 2686662
1626009 2686596
1455109 2686464
1559529 2685984
1538376 2685920
1632361 2685871
1684023 2685554
1721862 2685018
1436796 2684376
1672293 2684345
1735664 2683935
1590074 2683896
1652200 2683665
1523973 2683607
1531480 2683468
1575128 2683450
1558707 2683402
1645334 2683339
1605696 2683286
1309559 2682978
1367153 2682692
1323132 2682635
1627007 2681898
1719630 2681864
1717071 2681750
1349956 2681038
1693051 2680636
1378125 2680601
1747459 2680067
1454053 2679585
1694933 2679557
1414409 2679371
1569095 2679136
1567713 2678965
1489117 2678493
1702262 2678223
1434580 2678193
1701262 2678163
1637587 2678063
1724137 2677809
1553908 2677318
1637983 2676812
1531569 2676621
1356971 2676393
1447300 2676355
1334766 2676334
1734705 2675981
1622829 2675744
1518008 2675604
1403719 2675482
1667807 2675123
1722115 2675019
1256343 2674929
1505630 2674803
1327042 2674417
1562948 2674282
1468590 2674280
1667313 2674277
1493560 2674211
1679416 2673950
1727551 2673719
1246314 2673528
1738968 2673220
1458644 2672984
1501440 2672709
1513852 2672457
1649924 2672350
1650542 2672138
1628321 2671965
1513322 2671945
1517079 2671819
1685700 2671460
1637873 2671324
1658323 2671123
1739588 2670386
1249974 2670001
1713409 2669981
1480522 2669932
1559306 2669899
1473599 2668817
1672042 2668776
1545208 2668546
1749572 2668258
1726262 2668071
1589189 2668071
1695413 2667571
1645117 2667318
1574048 2667310
1454736 2667275
1686165 2667092
1687144 2667079
1367283 2666708
1507982 2666674
1498846 2666455
1520063 2666357
1536650 2666354
1711984 2666129
1394307 2666125
1640504 2665887
1690460 2665784
1363855 2665522
1601070 2665128
1681072 2665001
1749571 2664367
1690717 2664179
1719579 2664132
1741010 2664091
1673647 2663850
1439010 2663472
1300411 2663342
1515871 2663152
1744222 2663102
1514268 2663086
1604315 2663040
1685612 2662861
1760685 2662697
1456605 2662567
1624520 2662554
1690259 2662175
1753478 2662099
1728394 2661762
1548427 2661668
1627772 2661565
1288514 2660788
1501787 2660729
1728679 2660478
1565387 2660302
1541112 2659814
1513778 2659610
1608561 2659439
1702935 2659053
1485476 2658985
1649053 2658695
1658895 2658589
1704386 2658564
1706435 2658420
1423798 2658336
1696440 2658254
1666050 2657747
1759579 2657619
1331022 2657419
1702931 2657396
1587006 2657317
1530701 2657305
1377203 2657271
1317266 2655720
1662467 2655431
1531652 2655362
1296545 2655357
1464499 2655010
1142570 2654920
1147656 2654900
1686769 2654890
1759312 2654628
1555548 2654476
1215345 2654464
1294273 2654103
1648907 2653593
1755893 2653390
1542883 2653170
1757024 2653009
1741438 2652759
1671059 2651619
1700141 2651560
1726591 2651482
1657405 2651394
1334066 2651352
1607391 2651261
1449914 2651200
1188348 2650932
1645168 2650348
1704454 2650300
1531897 2650253
1476936 2649948
1616508 2649667
1577407 2649616
1740157 2649101
1707280 2648626
1350101 2648466
1772896 2648144
1702405 2647824
1419054 2647432
1598804 2646826
1647668 2646805
1741348 2646704
1678596 2646660
1671681 2646355
1671832 2646150
1403908 2645611
1677234 2645610
1650462 2645545
1644863 2645419
1552493 2645233
1650518 2645204
1695179 2645033
1434899 2644999
1443985 2644577
1455991 2644395
1693221 2644125
1662656 2643875
1436634 2643726
1768060 2643718
1379879 2643405
1761316 2643401
1737334 2643124
1491919 2642477
1603842 2642401
1494580 2642361
1662209 2642143
1551939 2641959
1729998 2641873
1558724 2641700
1607227 2641171
1575978 2640742
1704603 2640534
1301896 2640534
1641859 2640454
1647150 2640423
1539328 2639743
1504373 2639576
1477488 2639533
1755307 2639279
1677510 2639120
1723025 2638979
1704773 2638942
1650017 2638700
1591036 2638498
1526031 2637704
1589890 2637666
1660848 2637428
1431349 2637212
1442218 2637132
1544427 2637000
1592495 2636780
1437673 2636616
1385147 2636377
1709854 2636340
1745098 2636298
1306227 2636246
1563490 2636105
1684741 2636060
1665490 2635850
1513389 2635376
1688988 2634757
1467249 2634699
1645709 2634567
1434528 2634304
1723542 2633945
1450265 2633683
1420753 2633555
1693539 2633253
1600522 2633151
1471739 2632892
1768641 2632824
1615838 2632683
1618756 2632472
1530687 2632443
1764199 2632206
1580417 2631811
1584784 2631781
1779346 2631691
1260061 2631392
1519233 2631341
1585650 2631286
1381128 2631141
1772083 2630991
1732804 2630873
1757360 2630798
1542178 2630778
1631851 2630753
1487269 2630618
1697632 2630062
1702601 2629995
1729092 2629914
1590636 2629878
1438436 2629791
1726805 2629439
1492702 2629167
1717587 2629048
1645918 2629012
1732555 2628701
1627956 2628675
1598000 2628587
1690186 2628294
1649863 2627953
1477664 2627703
1630821 2627512
1540620 2627472
1737732 2627467
1617522 2627003
1346103 2626981
1743011 2626740
1690539 2626216
1247399 2626071
1740533 2625907
1234719 2625836
1450150 2625808
1670383 2625763
1679914 2625741
1741270 2625586
1760132 2625311
1683272 2625275
1738311 2625213
1695278 2625210
1652933 2625205
1586652 2625085
1762710 2625077
1558395 2624882
1573265 2624750
1579439 2624543
1650709 2624141
1754456 2624102
1651878 2623980
1668090 2623944
1679903 2623784
1534582 2623408
1725160 2623349
1571677 2623266
1778356 2623184
1532009 2623100
1388839 2623085
1472069 2623022
1729259 2622990
1772359 2622945
1394170 2622526
1646510 2622503
1731263 2622460
1312879 2622284
1695041 2622233
1585857 2622159
1772192 2622104
1682667 2621802
1470556 2621402
1770582 2621325
1587722 2621201
1757406 2621161
1245678 2620966
1673008 2620961
1622739 2620868
1614416 2620778
1771114 2620565
1719865 2620262
1261951 2619965
1519657 2619958
1759321 2619443
1674264 2619316
1454492 2619252
1366294 2618788
1787001 2618705
1704051 2618454
1637319 2618322
1740557 2618306
1684232 2618107
1772886 2617773
1255296 2617596
1477390 2617414
1581324 2617280
1188038 2616990
1780181 2616224
1698500 2616196
1545056 2615991
1279645 2615837
1546561 2615795
1691617 2615707
1724446 2615640
1528660 2615491
1564805 2615451
1785712 2615449
1581799 2615312
1675350 2615060
1518666 2614989
1709974 2614972
1574687 2614957
1605154 2614363
1415740 2614297
1528935 2614200
1537267 2614090
1499863 2614002
1783073 2613869
1431324 2613681
1632616 2613646
1357044 2613067
1643343 2613063
1682684 2612825
1572551 2612790
1634087 2612655
1699839 2612639
1652044 2612391
1681472 2612126
1575881 2611770
1573640 2611753
1416357 2611711
1673859 2611680
1323437 2611583
1688689 2611285
1739686 2611193
1522991 2611163
1513662 2611158
1664925 2611110
1194074 2610967
1789611 2610960
1365392 2610733
1670791 2610586
1555108 2610550
1432536 2610507
1453453 2610169
1585543 2610131
1401232 2609960
1556722 2609874
1788741 2609863
1183580 2609649
1536510 2609582
1496273 2609502
1416379 2609452
1336850 2609273
1768877 2609245
1641732 2608981
1647398 2608869
1733306 2608840
1403877 2608761
1689009 2608419
1798044 2608311
1275566 2608242
1206683 2607950
1321903 2607791
1671325 2607756
1371035 2607502
1782099 2607471
1650991 2607453
1634353 2607395
1521059 2607163
1447653 2607123
1607713 2607085
1349179 2606908
1587024 2606873
1736675 2606628
1724367 2606478
1645005 2606298
1763568 2606189
1731986 2605998
1612602 2605570
1704332 2605494
1444465 2605443
1764945 2605353
1610100 2605323
1800914 2605282
1722119 2605250
1788632 2604800
1283520 2604693
1398050 2604619
1246725 2604458
1214638 2604315
1546968 2604096
1720622 2603811
1160276 2603796
1646565 2603787
1655999 2603701
1775759 2602756
1578133 2602702
1151119 2602455
1316364 2602032
1612254 2601332
1522465 2601253
1780051 2601151
1730103 2601032
1681896 2600786
1750792 2600620
1224724 2600570
1252763 2600417
1616250 2600346
1539981 2600240
1439687 2600230
1755967 2599359
1482686 2599324
1643109 2599288
1557730 2598952
1770964 2598788
1733054 2598629
1123662 2598353
1795868 2598186
1750638 2598063
1688184 2597931
1572444 2597915
1673965 2597459
1518615 2597252
1629971 2597135
1190787 2596835
1445849 2596828
1703812 2596758
1769712 2596576
1602883 2596382
1799716 2596119
1698616 2595945
1658469 2595698
1566536 2595684
1539872 2595676
1331190 2595412
1695664 2595362
1735837 2595268
1447899 2595210
1465696 2595100
1590528 2595089
1230922 2594747
1202802 2594685
1745146 2594610
1622743 2594528
1598082 2594419
1285086 2594268
1494349 2594176
1718242 2594056
1725761 2593959
1668614 2593951
1732424 2593718
1480930 2593524
1755441 2593409
1581349 2593394
1729724 2593260
1698416 2593110
1300121 2592838
1610424 2592611
1594538 2592558
1800736 2592377
1804717 2592250
1525461 2592233
1336281 2591550
1475373 2591525
1786600 2591484
1480489 2591294
1466993 2591268
1162858 2591247
1420271 2591133
1735146 2590797
1414681 2590750
1648645 2590698
1743742 2590615
1217626 2590518
1585073 2590237
1723973 2589946
1803108 2589747
1668888 2589714
1393498 2589710
1487231 2589705
1689340 2589482
1563204 2589328
1722393 2589174
1738205 2588729
1639972 2588574
1441327 2588513
1559748 2588248
1460622 2588218
1782923 2588042
1526273 2587491
1705335 2587279
1741991 2587118
1115738 2586828
1315338 2586482
1780378 2586465
1764069 2586462
1615651 2586365
1617342 2586197
1769440 2586044
1414294 2585938
1533606 2585874
1768153 2585788
1730479 2585724
1536351 2585698
1674700 2585658
1713687 2585501
1264433 2585438
1674945 2585286
1325832 2585286
1728321 2585168
1169437 2585109
1470239 2584890
1786474 2584709
1652084 2584690
1208444 2584649
1681079 2584481
1660240 2584386
1775337 2584344
1787131 2584340
1763582 2584195
1298161 2583720
1755601 2582976
1661053 2582918
1663663 2582859
1648869 2582854
1799244 2582773
1774796 2582695
1778522 2582497
1740923 2582212
1597481 2582106
1623407 2582008
1765745 2581797
1701473 2581780
1787681 2581490
1715748 2581471
1370773 2581353
1787774 2580617
1740496 2580088
1401218 2580009
1796112 2580004
1356511 2579946
1714366 2579832
1344688 2579745
1194505 2579640
1383134 2579636
1495270 2579515
1522480 2579428
1790694 2579404
1437885 2579268
1804083 2579118
1328453 2578955
1701260 2578845
1758231 2578840
1422016 2578794
1716211 2578638
1753623 2578581
1583282 2578515
1522973 2578394
1597669 2578300
1773966 2578068
1812250 2577980
1677091 2577901
1712091 2577580
1790331 2577565
1702655 2577397
1682885 2577203
1700049 2577017
1425512 2576872
1498371 2576407
1717912 2576346
1636340 2576165
1111937 2576105
1758913 2575986
1751524 2575788
1768842 2575246
1205459 2575203
1501233 2575045
1668540 2574856
1373179 2574816
1788068 2574775
1684870 2574533
1655029 2574379
1334258 2574186
1742181 2574095
1419279 2574043
1281882 2573893
1800761 2573757
1805657 2573516
1585336 2573320
1588918 2572935
1221054 2572889
1686921 2572887
1628457 2572744
1293802 2572557
1419571 2572509
1660576 2572333
1768960 2572163
1765674 2571791
1321552 2571686
1623043 2571530
1691392 2571282
1817826 2571210
1662481 2571096
1817767 2570999
1775168 2570976
1774000 2570966
1697931 2570889
1629404 2570475
1156639 2570450
1548131 2570407
1668346 2570385
1521240 2570350
1254964 2570289
1413980 2570282
1809929 2570091
1598780 2570030
1391599 2569948
1743134 2569751
1791032 2569693
1479226 2569660
1754986 2569440
1595560 2569391
1520714 2569355
1650873 2569204
1725289 2569116
1724207 2569099
1559398 2569068
1541206 2569049
1616783 2569047
1808695 2568647
1277502 2568267
1585126 2568135
1733890 2567991
1555921 2567989
1418405 2567960
1790833 2567903
1569401 2567609
1215367 2567535
1475031 2567512
1751909 2567157
1620891 2567043
1765703 2566937
1548039 2566703
1688546 2566687
1206162 2566556
1609712 2566351
1331672 2566339
1516598 2566309
1334384 2566180
1793043 2566015
1722749 2565865
1788501 2565816
1452021 2565792
1798571 2565715
1821341 2565604
1585260 2565446
1815457 2565347
1220826 2565339
1541988 2564995
1311938 2564601
1676297 2564506
1627965 2564310
1402427 2564171
1811785 2564143
1510569 2564101
1739821 2563992
1725306 2563761
1801639 2563631
1557895 2563446
1668571 2563414
1725002 2563400
1521587 2563259
1587464 2562784
1680987 2562783
1697771 2562773
1509862 2562096
1699703 2562008
1647008 2561664
1529994 2561637
1517024 2561626
1702196 2561593
1809451 2561473
1376546 2561377
1413739 2561346
1632542 2561093
1543715 2560961
1681152 2560616
1492854 2560352
1331021 2560209
1817916 2559553
1450833 2559035
1742837 2558973
1535080 2558959
1350951 2558768
1769516 2558706
1768291 2558693
1717867 2558633
1733976 2558548
1668044 2558489
1707183 2558316
1561486 2557983
1509203 2557846
1685753 2557652
1351154 2557334
1165194 2557305
1374769 2557216
1537641 2557144
1809868 2557067
1740357 2556727
1773752 2556620
1136830 2556606
1481331 2556310
1258168 2556305
1803907 2556270
1638571 2556209
1758019 2556143
1449830 2555908
1554437 2555762
1639786 2555642
1218645 2555637
1799517 2555574
1748998 2555542
1671892 2555497
1573159 2555117
1779331 2555089
1608156 2554862
1728025 2554850
1812122 2554733
1589823 2554483
1632002 2554360
1289883 2554309
1648794 2554301
1728751 2554093
1513927 2553844
1806268 2553777
1656023 2553686
1703615 2553641
1702706 2553474
1647431 2553274
1694242 2553109
1611836 2553065
1526493 2552464
1780649 2551599
1790303 2551591
1569672 2551227
1721666 2551211
1418348 2551165
1505252 2550972
1628915 2550955
1510175 2550909
1238102 2550884
1454308 2550751
1505419 2550505
1735854 2550281
1601924 2550249
1635324 2550211
1803319 2550128
1823793 2550044
1722866 2549820
1394933 2549764
1274297 2549745
1280101 2549518
1666903 2549508
1691022 2549495
1642093 2549273
1753599 2549265
1804431 2549258
1773446 2548896
1718581 2548849
1596872 2548783
1819837 2548715
1801095 2548412
1743270 2547603
1472575 2547556
1649012 2547492
1814505 2547462
1289744 2547409
1802490 2547158
1654343 2547019
1792464 2546766
1797522 2546716
1403347 2546646
1719703 2546458
1778655 2546325
1124937 2546287
1467900 2546191
1755860 2546147
1793369 2545719
1749985 2545693
1684442 2545540
1708509 2545418
1778808 2545149
1766893 2545091
1781191 2545090
1200686 2544985
1555162 2544908
1733118 2544850
1814064 2544832
1709436 2544457
1815594 2544330
1740584 2544142
1829443 2544126
1494108 2544125
1745576 2543544
1738111 2543495
1798295 2543297
1659655 2543183
1702136 2542640
1787258 2542534
1313845 2542488
1751332 2542283
1563585 2542251
1621521 2542028
1784169 2541918
1826268 2541914
1265384 2541883
1415059 2541754
1701740 2541702
1752627 2541485
1400843 2541129
1741515 2541072
1748278 2540876
1390133 2540487
1355058 2540450
1678577 2540391
1826808 2540320
1469947 2540305
1546325 2540193
1776467 2539967
1718555 2539835
1099147 2539822
1550998 2539743
1617278 2539633
1568285 2539598
1488018 2539379
1624737 2539321
1404122 2539318
1680838 2539001
1500268 2538982
1714431 2538806
1337061 2538796
1807499 2538714
1461038 2538367
1767186 2538312
1374878 2538302
1582477 2538169
1701700 2537933
1412850 2537877
1690506 2537674
1542449 2537666
1624075 2537558
1564515 2537473
1799175 2537436
1615621 2537180
1692000 2537130
1439116 2537008
1514061 2537006
1636859 2536774
1741334 2536746
1510225 2536588
1434204 2536506
1626650 2536290
1688374 2536261
1650256 2536212
1817123 2536149
1709552 2535731
1475818 2535630
1829022 2535247
1425738 2535235
1313206 2535185
1828264 2535022
1588406 2534849
1809477 2534487
1613991 2534301
1646729 2533936
1466719 2533889
1613396 2533866
1555217 2533577
1581690 2533458
1655759 2533449
1703960 2533411
1768705 2532812
1612175 2532661
1644453 2532477
1355299 2532460
1764545 2532165
1554806 2532089
1393932 2532021
1624181 2531972
1545641 2531726
1693612 2531719
1743634 2531349
1481393 2531157
1741663 2531126
1559966 2531071
1719019 2530956
1612319 2530663
1491226 2530459
1426296 2530434
1526401 2530115
1813218 2530112
1758376 2529749
1740951 2529527
1505577 2529464
1718900 2529262
1372234 2529152
1470143 2528850
1668090 2528830
1597124 2528596
1787966 2528483
1787947 2528458
1748073 2528405
1141527 2527964
1736693 2527945
1785584 2527752
1367022 2527691
1459805 2527553
1787861 2527487
1263494 2527474
1687380 2527092
1720953 2527012
1552461 2527005
1794937 2526973
1525290 2526940
1792354 2526931
1662387 2526722
1749339 2526387
1531719 2526323
1504596 2526320
1778960 2526238
1806164 2526226
1353532 2525934
1826316 2525861
1536385 2525844
1684681 2525549
1788311 2525214
1230606 2524892
1186579 2524639
1742682 2524596
1832294 2524549
1575471 2524409
1652827 2524165
1725088 2524089
1549550 2523959
1640955 2523958
1600943 2523284
1809760 2523065
1756602 2523016
1515742 2522978
1426208 2522767
1774064 2522705
1322741 2522458
1770614 2522263
1730720 2522209
1770669 2522167
1254721 2522120
1712060 2521951
1799552 2521937
1650100 2521446
1734067 2521408
1820115 2521268
1813539 2521178
1740182 2521159
1729509 2520943
1661709 2520929
1804657 2520852
1578686 2520806
1817512 2520593
1563571 2520373
1543752 2520297
1655040 2520288
1652291 2520047
1620775 2519984
1774067 2519665
1196404 2519403
1715817 2519371
1817619 2519342
1823601 2519308
1631173 2519179
1591306 2519177
1790628 2518707
1687380 2518462
1541072 2518243
1231733 2518204
1810692 2518151
1757073 2517760
1339651 2517573
1774186 2517198
1540514 2517180
1126129 2517178
1793733 2517153
1634339 2516840
1824371 2516840
1524331 2516738
1308387 2516701
1736307 2516550
1635703 2516336
1631809 2516253
1368161 2516190
1629586 2515939
1114200 2515929
1803953 2515440
1315635 2515280
1369588 2515257
1687098 2514873
1610012 2514805
1804114 2514739
1481725 2514705
1425652 2514617
1816602 2514410
1326211 2514387
1805843 2514382
1749698 2514037
1611520 2513903
1770345 2513858
1593491 2513793
1750034 2513396
1820226 2513339
1600469 2513317
1713634 2513132
1284667 2513095
1387864 2513022
1743932 2512851
1809866 2512764
1645469 2512187
1586165 2511841
1251237 2511801
1765395 2511775
1550728 2511747
1590027 2511664
1731108 2511086
1759548 2510733
1251407 2510519
1294499 2510513
1168839 2510503
1746678 2510493
1463791 2510351
1839031 2510342
1308765 2510326
1329695 2510115
1609991 2510006
1722615 2509756
1492642 2509729
1615545 2509725
1090384 2509609
1782408 2509542
1503765 2509405
1583353 2509118
1640579 2508942
1840505 2508930
1765819 2508781
1482264 2508696
1722425 2508585
1823870 2508585
1576690 2508207
1526787 2508127
1706401 2507830
1417578 2507746
1725386 2507257
1369997 2507207
1213728 2507182
1418819 2507139
1318491 2506948
1754887 2506864
1668778 2506777
1694182 2506542
1832067 2506520
1680975 2506498
1599349 2506088
1661973 2505752
1621059 2505632
1791940 2505630
1561975 2505567
1686514 2505511
1812704 2505507
1735141 2505422
1835091 2505249
1409151 2505170
1786690 2505143
1201350 2505124
1798237 2505065
1321878 2504986
1502411 2504880
1796120 2504787
1807305 2504635
1657737 2504604
1452702 2503899
1546246 2503888
1637215 2503862
1612050 2503766
1824039 2503665
1839711 2503589
1416112 2503583
1632146 2503461
1554850 2503266
1418514 2503179
1803059 2502717
1687775 2502697
1751239 2502545
1768571 2502527
1807352 2502464
1488598 2502416
1805886 2502098
1658622 2502079
1379259 2502075
1751202 2501810
1404213 2501743
1838465 2501726
1697104 2501725
1579530 2501633
1633230 2501602
1639571 2501550
1520809 2501469
1545235 2501406
1531081 2501394
1397672 2501196
1611171 2501142
1719260 2500985
1766261 2500874
1765845 2500743
1622681 2500655
1515335 2500646
1486961 2500595
1673572 2500549
1789430 2500238
1541870 2500203
1557229 2500052
1673075 2499932
1837997 2499836
1728048 2499770
1136812 2499732
1397090 2499452
1247978 2499344
1553095 2499273
1777281 2499037
1770769 2498805
1631648 2498721
1713253 2498563
1627184 2498519
1621684 2498423
1835455 2498387
1628121 2497982
1542565 2497710
1547274 2497148
1756731 2496745
1425776 2496678
1487143 2496603
1775729 2495838
1713607 2495713
1572684 2495499
1785760 2495468
1355254 2495435
1801450 2495420
1511466 2495229
1801493 2495194
1695288 2495167
1752504 2495141
1736402 2495076
1500347 2495046
1799406 2494900
1794366 2494772
1793691 2494207
1674400 2493638
1628619 2493636
1826021 2493623
1749151 2493410
1684235 2493394
1359287 2493018
1673183 2492517
1579497 2492367
1549210 2492332
1507305 2492272
1157703 2492272
1688404 2492122
1798590 2492100
1613417 2491888
1772535 2491854
1698054 2491785
1665078 2491553
1842021 2491485
1312415 2491168
1817522 2490679
1704679 2490646
1817663 2490382
1840291 2490362
1324821 2490272
1810810 2490025
1801645 2489962
1606959 2489909
1628951 2489773
1811841 2489688
1778821 2489484
1802336 2489387
1684445 2489379
1499678 2489236
1570421 2489160
1787882 2489131
1821476 2488984
1592343 2488882
1776570 2488821
1771237 2488790
1843729 2488673
1795488 2488453
1582790 2488413
1625388 2488338
1754759 2487796
1742850 2487459
1733511 2487214
1609965 2486963
1670415 2486927
1778796 2486677
1252781 2486612
1475321 2486609
1484485 2486453
1749526 2486354
1589273 2486337
1457585 2485977
1602697 2485952
1809880 2485941
1619040 2485912
1552306 2485886
1760943 2485756
1771848 2485624
1744024 2485449
1577208 2485412
1318620 2485304
1722515 2485046
1568222 2485023
1513368 2484923
1655591 2484843
1801454 2484798
1625307 2484707
1821393 2484527
1330521 2484465
1740252 2484135
1524174 2484111
1699282 2483473
1835849 2483198
1674563 2482951
1481907 2482880
1735085 2482735
1435946 2482640
1788282 2482538
1841983 2482320
1777553 2482213
1803806 2482194
1518134 2482181
1367457 2482178
1514174 2482173
1490813 2482138
1615702 2482123
1833091 2481882
1760203 2481814
1469502 2481535
1835916 2481524
1734537 2481389
1636377 2481306
1710416 2481286
1749892 2481236
1636045 2481173
1807190 2481064
1703855 2481064
1606539 2481037
1428607 2480782
1470902 2480770
1190805 2480714
1816725 2480644
1772805 2480243
1828142 2480180
1808946 2480032
1648483 2479953
1776515 2479634
1484794 2479361
1764872 2479246
1586218 2479099
1548616 2479043
1753840 2478903
1806127 2478814
1792726 2478659
1543713 2478642
1783291 2478432
1827059 2478397
1763936 2478319
1807742 2478273
1685960 2478066
1617618 2477989
1696758 2477763
1670718 2477666
1758782 2477625
1822505 2477593
1625468 2477401
1112178 2477098
1594908 2477003
1324312 2476947
1745240 2476918
1343319 2476903
1809283 2476749
1815695 2476415
1233082 2476262
1782488 2476052
1408960 2475994
1685583 2475910
1329414 2475874
1726847 2475867
1746675 2475831
1662550 2475777
1471031 2475706
1710452 2475676
1557067 2475441
1753449 2475228
1441297 2475083
1460936 2475014
1731491 2474971
1752959 2474217
1765187 2474176
1844683 2474103
1650459 2474084
1102532 2474010
1690257 2473780
1555766 2473595
1368512 2473592
1602776 2473459
1534307 2473386
1448850 2473250
1547927 2473048
1442787 2472905
1524047 2472867
1661559 2472601
1593922 2472409
1670801 2472290
1827147 2472284
1719547 2472234
1716545 2472094
1720183 2472082
1788821 2471844
1748379 2471770
1820821 2471422
1658435 2471327
1783013 2471026
1427831 2470960
1450619 2470836
1601736 2470834
1805829 2470746
1639653 2470472
1848443 2470152
1767076 2469746
1704052 2469695
1766455 2469618
1629540 2469581
1396050 2469323
1787977 2469279
1518003 2469199
1484641 2468718
1735913 2468697
1659210 2468597
1336667 2468525
1663786 2468493
1732372 2468458
1800416 2468327
1366249 2468123
1624063 2468107
1655647 2467881
1729227 2467812
1647847 2467760
1752467 2467737
1580673 2467733
1670708 2467653
1236397 2467423
1721298 2467391
1800495 2467354
1652784 2467294
1767053 2467222
1302852 2466676
1745935 2466663
1694570 2466534
1355209 2466391
1647900 2466147
1666952 2466137
1714903 2466098
1793335 2466080
1358760 2465794
1743392 2465726
1757972 2465668
1765700 2465467
1763658 2465265
1463811 2465249
1678376 2465230
1793580 2464760
1568554 2464605
1687884 2464553
1814368 2464517
1615399 2464404
1725413 2464375
1681593 2464318
1669272 2464201
1752039 2463885
1592726 2463654
1763033 2463647
1802918 2462982
1829451 2462877
1702380 2462871
1217120 2462679
1243707 2462485
1370325 2462456
1696866 2462427
1636782 2462371
1776438 2462190
1752524 2461889
1651146 2461781
1650583 2461541
1463307 2460934
1585476 2460869
1595050 2460652
1815956 2460605
1713861 2460123
1678953 2460104
1695705 2460058
1466339 2460028
1368862 2459823
1491976 2459737
1773452 2459656
1839001 2459510
1249384 2459442
1118354 2459437
1775956 2459182
1825649 2459064
1418738 2458862
1742572 2458754
1797302 2458671
1838413 2458648
1408709 2458464
1655333 2458291
1746662 2458266
1790558 2458252
1625387 2458226
1438613 2458161
1485835 2458106
1587336 2458045
1392481 2458045
1580371 2457904
1479894 2457855
1696192 2457657
1774259 2457456
1762413 2457336
1301659 2457024
1184767 2456986
1444285 2456716
1799739 2456700
1788699 2456593
1821988 2456580
1442782 2456450
1263916 2456333
1714157 2456090
1806817 2456001
1472896 2455971
1373699 2455894
1847753 2455884
1712614 2455842
1316881 2455742
1773825 2455731
1806907 2455726
1437306 2455592
1400546 2455576
1793052 2455518
1650835 2455484
1850258 2455345
1553134 2455128
1707886 2455117
1413881 2454928
1544084 2454909
1672490 2454908
1710782 2454828
1805647 2454601
1338985 2454586
1836332 2454271
1536467 2453909
1806909 2453886
1244318 2453615
1284706 2453562
1502352 2453365
1398514 2453026
1846962 2452929
1801119 2452826
1203629 2452637
1586439 2452570
1584005 2452486
1654379 2452441
1452613 2452246
1778847 2452089
1652380 2451801
1663112 2451582
1485866 2451483
1838050 2451400
1810204 2451393
1502758 2451296
1715084 2451267
1822527 2451208
1552666 2451114
1612404 2451110
1738198 2451087
1212937 2451083
1803602 2450646
1669803 2450270
1663074 2450267
1820175 2450167
1752786 2449969
1612335 2449945
1804210 2449919
1803526 2449851
1696784 2449847
1545158 2449745
1805612 2449545
1708335 2449390
1790921 2449369
1476516 2449355
1469817 2449142
1749545 2449098
1786762 2449044
1680284 2449032
1646411 2449030
1363793 2448975
1720366 2448932
1525147 2448829
1622117 2448814
1729324 2448710
1778752 2448523
1764562 2448473
1804901 2448414
1648742 2448294
1181406 2448257
1770416 2448234
1565553 2448088
1423005 2448074
1725286 2447735
1557949 2447408
1664851 2447367
1121117 2447179
1825927 2447052
1405389 2446898
1283258 2446713
1688262 2446247
1683395 2445962
1710352 2445822
1756896 2445730
1180857 2445641
1711593 2445592
1251457 2445564
1790973 2445559
1443775 2445348
1708014 2445225
1664497 2445002
1105501 2444979
1398648 2444885
1820282 2444779
1432802 2444673
1630637 2444533
1509217 2444455
1827592 2444425
1684942 2444082
1793015 2443895
1604626 2443866
1644098 2443767
1834081 2443624
1580720 2443623
1813815 2443527
1808934 2443521
1335235 2443467
1551701 2443326
1653950 2442995
1351188 2442777
1803969 2442749
1700077 2442695
1574724 2442680
1798256 2442669
1746048 2442560
1691482 2442314
1611283 2442043
1642690 2441888
1417081 2441867
1840087 2441484
1514778 2441277
1670672 2441270
1773737 2441155
1829035 2440699
1794234 2440559
1846360 2440531
1808170 2440517
1735222 2440121
1777550 2439974
1795052 2439768
1577144 2439679
1729919 2439595
1571030 2438967
1473520 2438536
1655480 2438534
1761013 2437806
1818325 2437726
1484914 2437645
1842520 2437349
1482906 2436874
1523405 2436873
1316074 2436594
1736755 2436269
1232966 2436123
1732616 2435901
1776368 2435731
1765649 2435700
1705044 2435495
1810645 2435450
1207706 2435445
1825341 2435381
1308230 2435329
1720339 2435254
1537423 2435153
1671278 2434573
1753455 2434470
1650117 2433855
1807322 2433846
1497855 2433649
1454699 2433487
1538481 2433484
1699192 2433434
1724291 2433337
1583792 2433168
1577475 2433136
1207512 2432956
1335545 2432767
1595030 2432726
1625839 2432666
1751968 2432635
1652519 2432595
1662975 2432440
1725936 2432437
1582245 2432237
1662276 2431913
1662661 2431679
1686109 2431149
1515958 2431137
1736692 2431136
1724636 2431074
1739135 2430791
1785400 2430657
1849531 2430384
1517927 2430381
1734197 2430321
1695840 2430028
1608185 2429862
1283899 2429852
1689952 2429642
1785053 2429472
1637676 2429461
1616940 2429345
1776527 2429189
1241639 2429189
1635017 2428937
1721760 2428456
1613667 2428435
1758964 2428125
1673838 2428115
1415406 2427933
1523036 2427501
1675409 2427199
1363676 2426856
1315500 2426683
1758005 2426399
1744005 2426250
1792782 2426123
1845518 2425953
1778628 2425952
1578662 2425929
1827190 2425836
1332224 2425735
1578761 2425691
1654909 2425663
1523138 2425508
1830850 2425256
1591965 2425052
1717043 2424851
1451937 2424678
1726014 2424608
1808557 2424430
1597774 2424304
1667858 2424277
1542520 2424085
1843614 2423948
1834084 2423929
1777705 2423796
1720331 2423729
1810049 2423416
1568848 2423299
1564190 2423231
1093634 2423149
1600035 2423139
1493541 2423082
1849808 2423075
1838768 2423056
1749757 2422998
1631783 2422966
1640759 2422926
1376745 2422689
1723088 2422358
1529910 2421951
1700832 2421745
1174917 2421678
1773026 2421654
1833579 2421293
1787386 2421286
1851706 2421281
1802348 2421125
1726073 2421099
1729735 2421079
1577769 2420997
1714697 2420886
1845281 2420789
1733551 2420767
1664879 2420761
1829443 2420716
1520352 2420648
1172746 2420622
1749213 2420606
1699017 2420516
1604393 2420379
1617558 2420370
1528139 2420350
1635047 2420301
1551117 2420277
1615387 2420256
1823039 2420220
1711678 2419988
1607222 2419982
1614766 2419365
1810296 2419233
1417617 2419082
1271722 2418958
1782513 2418951
1811812 2418887
1639180 2418874
1580969 2418764
1372950 2418424
1259152 2418387
1805226 2418146
1813787 2418036
1693273 2418028
1151627 2417901
1688071 2417712
1437804 2417586
1803247 2417496
1640732 2417461
1107545 2417368
1851095 2417172
1579606 2417004
1823756 2416689
1777791 2416328
1713234 2416169
1833293 2416128
1823069 2415818
1659452 2415536
1813056 2415525
1284584 2415458
1464132 2415447
1378509 2415435
1257622 2415053
1825005 2415044
1751851 2415041
1756266 2414966
1532397 2414934
1561222 2414889
1762168 2414782
1852379 2414670
1844780 2414495
1625534 2414439
1422875 2414394
1803451 2414198
1806977 2414084
1301190 2413701
1535915 2413691
1766712 2413599
1512749 2413493
1795833 2413213
1519775 2413167
1455697 2413015
1739275 2412912
1790120 2412787
1266561 2412690
1660688 2412497
1204815 2412468
1724852 2412395
1814976 2412354
1792134 2412346
1348443 2412305
1114060 2412294
1724371 2412149
1750171 2412142
1709769 2412102
1560268 2412061
1577035 2412009
1725976 2411733
1532602 2411420
1571480 2411360
1353281 2411279
1731870 2411260
1411348 2411110
1800528 2410749
1269877 2410636
1434607 2410594
1824403 2410590
1376889 2410517
1826831 2410267
1845878 2410159
1699161 2409870
1345916 2409855
1397144 2409832
1536158 2409796
1772105 2409721
1803019 2409691
1381684 2409689
1507918 2409618
1708272 2409420
1766928 2409261
1811278 2408626
1735005 2408550
1210950 2408537
1453816 2408507
1833624 2408427
1497632 2408417
1726153 2408393
1833606 2408359
1773386 2408145
1268423 2408113
1173125 2407561
1582838 2407553
1751809 2407510
1546341 2407497
1489863 2407395
1480712 2407335
1757732 2407141
1369534 2406993
1830762 2406991
1831698 2406984
1410270 2406960
1705134 2406823
1704001 2406632
1493628 2406532
1755882 2406529
1724576 2406382
1354395 2406273
1332603 2406092
1443587 2406075
1558495 2405837
1765091 2405583
1706884 2405510
1814897 2405464
1683626 2405226
1612665 2405029
1787845 2404944
1100262 2404783
1651652 2404662
1612689 2404270
1393143 2403902
1744758 2403314
1784324 2402847
1058631 2402657
1343063 2402631
1780617 2402594
1791175 2402575
1323669 2402485
1703076 2402472
1846317 2402128
1403258 2402102
1216428 2402029
1260302 2401935
1850695 2401889
1741940 2401854
1720370 2401603
1376302 2401248
1601423 2401193
1815559 2400964
1797381 2400931
1847456 2400713
1578880 2400656
1836840 2400507
1720157 2400290
1684596 2400120
1469001 2400071
1728856 2399954
1569921 2399689
1817910 2399551
1760062 2399471
1692431 2399203
1812313 2399058
1380016 2398523
1756438 2398401
1654778 2398128
1570473 2398101
1703134 2397752
1420049 2397738
1824677 2397519
1767390 2397496
1373018 2397387
1712022 2397369
1657417 2397344
1759979 2397160
1634901 2396995
1800578 2396690
1713593 2396607
1203602 2396221
1381500 2396191
1712067 2395973
1753094 2395911
1836490 2395696
1615149 2395444
1848664 2395251
1733432 2395102
1834319 2394876
1847997 2394760
1671060 2394681
1672184 2394642
1812203 2394629
1755884 2394565
1828532 2394389
1461831 2393947
1799219 2393553
1399207 2393551
1711744 2393524
1133816 2393493
1614707 2393466
1617002 2393431
1731189 2393407
1821344 2393217
1693046 2393178
1586300 2393045
1303321 2392978
1543107 2392800
1318890 2392662
1822508 2392621
1476040 2392322
1711370 2392295
1687820 2392171
1802661 2392110
1798345 2391773
1152221 2391618
1792172 2391276
1760219 2391259
1730771 2391244
1848326 2391196
1374696 2391073
1514260 2390957
1594669 2390919
1839825 2390885
1399792 2390765
1455483 2390672
1368371 2390612
1676528 2390097
1843389 2389834
1639515 2389766
1833565 2389764
1801806 2389700
1312729 2389564
1563107 2389505
1445772 2389306
1823850 2389285
1786932 2389278
1739855 2388946
1831745 2388776
1427967 2388720
1699477 2388680
1649459 2388481
1387049 2388260
1612305 2388230
1761085 2388008
1708297 2387715
1493608 2387538
1350981 2387496
1750514 2387222
1573869 2387213
1439223 2387195
1260384 2386897
1555646 2386746
1814503 2386691
1837550 2386625
1817978 2386480
1194216 2386365
1768344 2386330
1665091 2385829
1490765 2385815
1675960 2385738
1753640 2385627
1751377 2385524
1590851 2385521
1586546 2385398
1511844 2385263
1604317 2385226
1802379 2385139
1812520 2385133
1785859 2384461
1584067 2384204
1711642 2383762
1747277 2383685
1579452 2383385
1806448 2382777
1525795 2382595
1594236 2382405
1217346 2382245
1537949 2382203
1838610 2382069
1820685 2381972
1650892 2381944
1801909 2381923
1289091 2381908
1775860 2381809
1845293 2381684
1793343 2381534
1362250 2381514
1838019 2381397
1675732 2381246
1580350 2381240
1610323 2381153
1517379 2381075
1665439 2380928
1495369 2380920
1691454 2380905
1640517 2380807
1798845 2380620
1807527 2380529
1749193 2380424
1819319 2380424
1688185 2380376
1816433 2380369
1657981 2380104
1822784 2380096
1829424 2380091
1402662 2380013
1409253 2379797
1480976 2379662
1403428 2379637
1822631 2379453
1555287 2379075
1718785 2379070
1374369 2378968
1758216 2378726
1266861 2378685
1808240 2378056
1672495 2377840
1094331 2377822
1636017 2377781
1570671 2377772
1777467 2377677
1830428 2377486
1793368 2377430
1808436 2377411
1796770 2377153
1712604 2377007
1495035 2376578
1615871 2376556
1668469 2376060
1779529 2375953
1736187 2375943
1615408 2375370
1261933 2374885
1847267 2374794
1823238 2374773
1648330 2374771
1575362 2374689
1762988 2373972
1435804 2373972
1585874 2373951
1519363 2373948
1763750 2373946
1565090 2373910
1741910 2373807
1708302 2373634
1484061 2373072
1782708 2373060
1615491 2372820
1836602 2372739
1823520 2372667
1584654 2372410
1403512 2372202
1628799 2372003
1847694 2371838
1782036 2371705
1776813 2371487
1828538 2371371
1649056 2371367
1402538 2371241
1391325 2371237
1622306 2370738
1449825 2370703
1477000 2370514
1686223 2370405
1822126 2370167
1403032 2369989
1399829 2369887
1170976 2369874
1797164 2369752
1485226 2369708
1267218 2369432
1620652 2369328
1461152 2369204
1298959 2369090
1812242 2368947
1461178 2368908
1810343 2368795
1729861 2368685
1844733 2368608
1817250 2368500
1850539 2368468
1641572 2368340
1701060 2368079
1779978 2367833
1690009 2367654
1186017 2367324
1764930 2367306
1328855 2367265
1447128 2367149
1825408 2367080
1390926 2367076
1771933 2366921
1724664 2366682
1390077 2366615
1249993 2366492
1619715 2365996
1822589 2365892
1707115 2365808
1778382 2365720
1821631 2365705
1702143 2365693
1636902 2365524
1833310 2365274
1626050 2365272
1585119 2365258
1762539 2365116
1701064 2365054
1719341 2365000
1371688 2364847
1556431 2364843
1772204 2364542
1742463 2364500
1268336 2363918
1380373 2363643
1634343 2363385
1289503 2363323
1849741 2363296
1119382 2363253
1755922 2363170
1383405 2363057
1450116 2362805
1588574 2362739
1690004 2362505
1841922 2362452
1694479 2362359
1816958 2362120
1686207 2362081
1633783 2362001
1711175 2361854
1691106 2361585
1809370 2361388
1704696 2360923
1835474 2360618
1762192 2360426
1429900 2360320
1230328 2360248
1648299 2360240
1064990 2359981
1810904 2359775
1735488 2359758
1830340 2359685
1824547 2359209
1336063 2359136
1698720 2359019
1710092 2358773
1795544 2358771
1307050 2358714
1598208 2358623
1607703 2358441
1815127 2358379
1482788 2358171
1805221 2358093
1702018 2357954
1770374 2357850
1499387 2357834
1622977 2357779
1478139 2357693
1491824 2357635
1507061 2357611
1808304 2357541
1577589 2357452
1798893 2357298
1781681 2357249
1801640 2357131
1199847 2357091
1747775 2356780
1740641 2356764
1609052 2356742
1582943 2356723
1565772 2356692
1485258 2356580
1509273 2356433
1775611 2356299
1192434 2356237
1234400 2355674
1294088 2355407
1651559 2355385
1375033 2797315
1537896 2797265
1525322 2796063
1462484 2795699
1391120 2794816
1547871 2794589
1538552 2794513
1484926 2789397
1515540 2789151
1349457 2789093
1539884 2788059
1520560 2787396
1432391 2787046
1486292 2786335
1495674 2786063
1530768 2784766
1449532 2784739
1419008 2784457
1586643 2784379
1415594 2783525
1367250 2783275
1562454 2782371
1552970 2781338
1542788 2779310
1504959 2779286
1524893 2777713
1514360 2776857
1597445 2776283
1519265 2775134
1612234 2774702
1515947 2774016
1486388 2773120
1436736 2772464
1330138 2772331
1591915 2770654
1439681 2770581
1508192 2770068
1600133 2769473
1376787 2768794
1501197 2767996
1304093 2767953
1601060 2767491
1461818 2767158
1508284 2767023
1552836 2765292
1291634 2765166
1531688 2765118
1635769 2765088
1433342 2764661
1605388 2764658
1570085 2764645
1494108 2764293
1614473 2764257
1506392 2763604
1612615 2763115
1608729 2762473
1510274 2762389
1309959 2762245
1378814 2762193
1412786 2761058
1538143 2760919
1611516 2760467
1643208 2760204
1641073 2760141
1424909 2758857
1304529 2758736
1436257 2758456
1579144 2757266
1592335 2756777
1464493 2756691
1586886 2756458
1573378 2756351
1391346 2755294
1442018 2754586
1424871 2754344
1489982 2753797
1429466 2753684
1576943 2753303
1432167 2753239
1454159 2753041
1251965 2752031
1396131 2751193
1641031 2750382
1380069 2749993
1660364 2749905
1404676 2749716
1597166 2749563
1617181 2748984
1332744 2748618
1542926 2747517
1385853 2746864
1470472 2746676
1587196 2746014
1520914 2745529
1494242 2745403
1479821 2745173
1260583 2744903
1536819 2743801
1588087 2742066
1648665 2741239
1293550 2741119
1529457 2741002
1424874 2740966
1638669 2740928
1416343 2740714
1654030 2739413
1647640 2738938
1595925 2738832
1538462 2737533
1518166 2737307
1631576 2737004
1488245 2736797
1306456 2736447
1656554 2736265
1604365 2736173
1678716 2736120
1682017 2735916
1459119 2735381
1616943 2735153
1561007 2735022
1351058 2734849
1652058 2734171
1454814 2733629
1233929 2733604
1620592 2733403
1687065 2732817
1659601 2732100
1439167 2731776
1649610 2730989
1285545 2730845
1670303 2730740
1359541 2730675
1475649 2730412
1295271 2730245
1687572 2729647
1653366 2729101
1418963 2728921
1504298 2728248
1643897 2728174
1530624 2727944
1555504 2727501
1500481 2727456
1314761 2727445
1427926 2726925
1528428 2726814
1628352 2726443
1510440 2726113
1351781 2726089
1340380 2725496
1634094 2725492
1619777 2725453
1650256 2725433
1359792 2725304
1591106 2725302
1569510 2725021
1643133 2725012
1669388 2724207
1463205 2724133
1474716 2723862
1585064 2723415
1687020 2723215
1397588 2723156
1211280 2722744
1331838 2722204
1381766 2722149
1542741 2722141
1352263 2720831
1621102 2720790
1491486 2720707
1568648 2720344
1424298 2720269
1537686 2720242
1617097 2719678
1701391 2719171
1603319 2719156
1695677 2718739
1596260 2718675
1615462 2718123
1241788 2718118
1496820 2718071
1565543 2717935
1648102 2717828
1322242 2717477
1433115 2716964
1314117 2716229
1279359 2716187
1617124 2715698
1456148 2715286
1576982 2715160
1203099 2714968
1408587 2714942
1426076 2713742
1328241 2713662
1674097 2712998
1396387 2712915
1634929 2712695
1697839 2712373
1501468 2712371
1409058 2712203
1468799 2711635
1574606 2711545
1479549 2711304
1683912 2711009
1609464 2710974
1677450 2710909
1219975 2710895
1673759 2710721
1436588 2710691
1573215 2710575
1524424 2710508
1600015 2710313
1470146 2710080
1218478 2710031
1697294 2709623
1318540 2708788
1710980 2708474
1643963 2708374
1359415 2708095
1425408 2804987
1466607 2802896
1425720 2800836
1531355 2800361
1446685 2800309
1540467 2799063
1426013 2799050
1482123 2807553
